$ANSIBLE_VAULT;1.1;AES256
61333138623563373662663431373231613864376566393839353033633766353436386665636264
3563323264656336386236666332363039363737313934380a346635643135643334363666336539
32326662303766356535323130383038303862313939356432316563353761316330353863366435
3465346132633737610a363139636233323535313261393463336130363731623435313161663438
38386265316330666666646161626531353564666366663933653734663662663738353639343231
64356265353665373162613638633938333130396264366133383337333138346531643239353866
63326139353262343535616634623539336639366131623939346339353533363735656561643139
38366434393935363236376637306133393663656133303736316636303937646331366361353237
32306439316339666336643165656437626537323338653238613939613465653831356663343737
31646233303061336236306666326461346139366536303365363939643930636334383032613038
66636236633936643132626664393032393037363064643539663764666434316437363538396438
61343632346636653038613262633066316233616335653265346335633466663966343361336434
65353239633038383337303462616363623361653933373630353238376563393630393231653366
33643938303561636538333235313536396430363139656532373433393335383732613761316561
36313434366334313131343633313039363038653136613832636462386338343233373534366535
38316665316262633366393132333738623633333335303137396465633264653739373962623339
37396462643533316335323465353830323538353339633761393631623134376461623937306638
37623937656266363634656361343962333933626661366139636331323333363033303832303433
38326462383631383430383739613335373438643931653532303162336466663161373366303737
32386238326330306639
