$ANSIBLE_VAULT;1.1;AES256
33626665656236353630323663396664636361316439643236393664353336306130643936366331
3332373266326163376137383962343163393339356131660a333337356266336338326661346534
38373861336231653035363232363532666637353433393335353133336132363563333962326564
3463656234383462660a333765383630623965666231613363653533336331633037643337636635
61613835623237313236353763376334336361356134666233653732613433386462623133363730
63613764663966326263633834316631363036623735363335363966386135643631303863306331
39376330383538393838383434343336303231656239333732343430356562323539623530396362
64373431366634323731626330623637636665383063383663653661363334383631623763636135
35346430636639366261376565393065326637343638643761656330376364393866346134643763
36313361646635326237313432643331326430376636653133363738343062333464626230366533
34313034633939326333363233333566653064313364616532316565306166373962323665383764
32666362656466363161346536613938646431306635643961346535376266633233643339353162
31666535616238333133643461323865363962656430393833393463363539353463393266326635
34656465333738626530316334393931306432393333386533613938346335633332316633343135
30613732633836333137663966626232346461363964353536396336326362376362613334613765
65363861613739336531663139363230616236343132346261313236383230306330373563356234
63323331626334623061646235383830666561303462323739393034393033613934383732643262
31393663633035316536373364313766663738386461613232376461636363643862623265643365
66316665396263636639646439386430363566623835333464623362323864396564323464633332
31653638373433643338393435633239393634333836613166333036623035303737356438306266
64636638386533663361616130643732313738623936366561653331653339316137343836623539
64303562663830646636666338626632383830346438646232363034316239356539343965643732
31336137613434366431323933653666623565633137626435623532383865623432393632396161
31303664376432343931373930353531663434336337646430316536323233626462653437366661
66306533336139663466666664326433326465633639653830633439323634396333326433396566
62353535663532313133363235333032326362643235653966323166373132373239346461366539
30353966653465393465323338383131343866376637343530363532356635633838623362656131
65633833633633356434336566333238626533356362373230306632373665653161396361633535
39623163623561363263306332333266333336643734336532326465636532643237616364336130
32653562656262623138363861373339616163646338303733613435666634313938386530366138
64663635643662313564343538376433343665626562353066323665643365333563326336633766
32363731383064343531356437623765363366626239363563616164366237306532303761303534
39366230363331666532633261376334376632343866343066316636626262336234326261383938
30353438343266303961646264386236663466643662653030626637343865636665633065613665
64376666313139643363636233333731336634303064383165396264353664323563326631356666
65636131653234393136383763336633633836626635343038326262656537386335613130643438
33383433393234633835643662656561633730633935363961353664633365393862353766666632
31633332333261666537646632636663663739313934626631326265353636643838626534336432
66343534326161613833313664356637646561323765363161646664346264613562383661323263
32336261333661623831303535366366633530663034363363623831343363343630333237616166
61323438636363663535346530653433316266653333333961646366336234666462663462353865
35636166613633356161383538656636376138386439646363393633616537656263333533613739
37663339366633663861383730313066396530646665356165633330393163666162613639396138
61303864616133316239323962376639636661633133653434346237356438383737386261336238
63393938633766313932343262386163636631383133666336633935386430306164303835313337
61383063636130313238643762383638633339353833366438393035333838376265633735633835
62386138396634626634303335343331306231383865356661613437656264626635366633653062
61356565613335376130336430666365343965316634323432643163363038386233353232653861
36336437323530643039366633663339343239386262643566316530656461653638336236366339
61613636613538663763323532343730353732383665313633313837663866353132316433633339
30666163666632666234323863626437663563353961653935313764306235373037653430353562
34656566393238653165343331626133326231363336353831616633666439616664623135386136
39653532306466363563323062656161633839353331353334306236646136343033336165626433
38353661303136393639613061313534643562363133666338623432363563386631663738623562
39656232646636343730373035633739373633653335303438613531383830353265356230366561
62613838316665356238386337333963613066303231343762326164663230646334366132633430
64323636306231386335643761623330336530356239633239383865323165613332656138356262
35373039366134653863353730373331333034346436326264303136316236666339303633376163
36313266363732623363663534323238396662376439323536663034333539663161393831646637
61646539356664386535303462383465346530313666373863666263313835656566366639303830
35373930396161643062333662353630623737373964333830316231396338353264343430326564
35653830646537363739343961383238363431656335393137373731376635656530636263646261
36626638326366313262376161633965376230613532623730613166646533633732306363373232
36303337386263303535663963306663313830623663346631626635316263636132336130326166
62666630366333383438393665396666656239363463613965643430336462376165613966656235
37316432613932643735623063323632353036323136633062313766633666613162323831613265
34303332353639396364326132363661313638646562643161623565386234386164396335336337
30316366343266376465336535313031303561633837393831336338383762643463306437636230
31613535613038323766633136656137363538393538393331623765356238353163616265623564
32376132303732363036313332363337313564613733616332363136376261666662663431323233
65626133613163393563663133323537343361643564323535363337386564306164366266306631
63623335373763376266323466373336623830646166623736303563363039666630323539326639
33616235656431376236326262383465373866626163373765393965363839356238656461316537
37373664343033383563363963396663646433633238336139333439626532303363646538353862
66353235343937386130623766646338343335643736633063383134343265633239376337376265
34346632356337656663323462323330616362656632656164386162616437363638393462353961
37303534636237306537623636626639313963653662303635343164623533383666336662663839
37393532663237393831376438363938393434623534303138303634333733356266353162303163
36343138646266316135366632633932316161633635336563326664356433616335316364366338
36353731326563623036303865343538663661366633396434383933316232343633393138396132
66393132643336386536363331666434326332623036383334363438356662373534643033353766
33316563353939303038646230643763396466303035353464633231623036336661356133663563
63326137353962383062636139613961316261326532353265666535663464313236396363646638
63336237633134323764316162373735373238663964663135386538353338366535303939383035
62356135343936636630373665323537613333636162313439613634306565313065363936643062
64663437613737396364653430666265313935313138643266623465366537346233663363326434
66653037383262633239306230393039373464316430663736373434343730333637386562306137
30363932353064313937356238363936306138303564393736353266393862383935653262623835
38303062383234633362613732366164616235333837663561313930383535336536383862396236
38386635636132323938313538313265393061323935643837656233383036313263623939663062
33646236623938656162616165303265386432613533383164343134396137366534666538326534
64383430306230386631643730626636356435643563303733653837653632346530346366313466
31653136333362613666623864353130396165653064373464623561653837653365616134386463
39353163366565306434633239393634343231333330343432313861373533343261336639393264
616137666131633130303630346363396531
