$ANSIBLE_VAULT;1.1;AES256
31626362386134316564393162653764366634373036323033303435383665303065373731303132
6632333438643330333330383835393232346161663966330a356636643864303661646165363666
65303266333466626233313362386637316461666632643762366262313638656530633065313839
3638663235663066370a646436333366656461613339373233653535376430343338623565333738
32623431663735363338643363366130646564353337343738386535623531613436333838356261
33323730656562316363616464663566303062666663393131646463393037386663333739343334
38366533653737663732393863356465646666326534616536623130613566343962633532653361
34313434336630333334643636663030303739313236343836643164303463333631366332643764
35383935396664313331653662623962386334643832333363613265336464353036616166303461
38633264323965303733346434336231386231343033363565623263366463643531313538636538
63333561343033333432333165643235633930343263613362346464323262373066373064326135
37373232363431383434633337623738326530316631373437373131326238363165653332633437
39643832623933313066333830363234666139393065663731663139303765316237336533643466
31303561626463623135616131343835636235363766386165333161373463343762613164633735
61333039303331343534663735643537353764333836666663373833376439653238666234333032
62613565383430653061353531336638313362356161336264626465626437323865653935373138
39666138636661663634643534373564396664333331353039646532363865343037363136643766
66376430383632366538363637386332323838643838333533646262616265343862363038343337
66386535666362666335353835356631333239646165396565643838623936393231326562303362
30353365373863646430653835376135336132353165626164616362643732376533343263663836
32363837333039343161643131343632343161663762626132363365333966396237303366663331
62643736663830623737363264643464646231346432353333666335383336653239353338383133
66633265643066373036386439636432303964653966343737626632353964393339613235653233
37643966356132386338643839343931633762666565383638303866643335323334353665656664
30623139613232383539373164303438366636323431323538376463323863633165333237613236
61643832343732343731363938636665373130303936336134313363623437663564333066353234
66393138643539376139633165653832613037373737303133313765353265653831303965383639
37313063653562333062623938353662373732303862333263343439316633333562626332326261
62636636346538373166353361346139303634303037613634633461303733313931313930633863
35303566333838666433343439613937313039366366336366353630336531663533373333383234
38306663383439323864336234393637343830343330396435323537323664653065303364646566
66383163333132306534303132363263616462313532333232393237323531326438386266653861
61656238633533666230663263333938636165316633373637376465626235663537663131393139
62306566306666653833383834366332323238303166363464633837306538653063643634643439
36393332393035336131346663333766646532636239626163323866383832646430386536313138
61613833633333666562666661616566303536626564633031386531333133613336303839626534
65346232373336356664306163663461346537396466643237366661653865653730343463343839
35643634303231383431306437633462383133393733306262636634383236373834353563303839
34333565323230646439653163363033393138393165353634623666343666336132363063653534
65626638623835666339643537393463373866306163393862653539353263343330303434386632
32303463633434626232663236383937323339313661363761313032613433613934666337326431
62316161633837313936613062343736346535636466643138373739363138313365636239643836
32383063626265306139633762616666306334373738303633653137353762376463633333383961
33303332383564316131636232353738303537633537356235353566326333323630376261373661
33353236633961323338393366366165613461643932653862663038666230373433643063383939
36633133326538393662636563623337666334346135343364386339613165656630663462616330
39663637313533666535626539623832653739613034363633643761376164656262396163323661
61346530613431333935393965646636643761343139393265323130666162353665373530336630
63323236303065383731393633333931663664373636643438623563346466363031633762306162
64626138643932373863346531323234643933303738653638383236623666643565303031653732
63393735343861643966623732346334336538646435623134643630383337376630383265666437
30376664373437366266326132636334393234373563643862656138383231303939333233326463
61356336623061663532656136323036353561646337663461316563373566373764313939623634
36666437666434386433343331356539613533366263373034333337656135353363623534323833
39343635343739336465333330343166323534313765623763633065393934613264303432353762
66333363623532326333663430356264366234343736383139303336643861386337333939363561
36336166613165303038343539373234356136396266636334303839383462396231643536386139
38653133666632386331623534633966383666666630376532373333663730373736333737633964
64333630663265323735333766633732356439333338383130663161303265396233343638373339
39396231343161633734363363666534653932383735303364653034316430306565626433333639
62306632343763623138373966336338306533313463336433653365643535613564376264306564
36366430363433383438653061346338336138633033633936626162383932333866643331303339
36343836333735633262373934646236643930326565323136346161633163376232353263343434
61396133366165646163373434363961306433303934633831656363313636666133363832653737
66616665663565643738316433343764366530346235353937323336383035613238643764653262
30376363666230626262353335313937316666636166396639626163323236623830663230653462
30356664626434373663313135396336656162613364393139323961306131303330326465373235
35656631326161363831646461346231616330653535663362613863616533633766383033333330
39373331383639333039633764316135326163393936336130336430613832633433306230333462
35333730303539656163363037373163633262396566356439396131363335643637616664613134
64393364343830343633643361316362333461353766373934373030386434373835356265663238
35396234623632383134363930636236643636373163366139383236636331373536313935326237
39633965313533303236656437343831663862313266376566333236616233363932323733333633
38373633303431363834623632366531386138646564373665616637646132626232373033623964
32333066336130656131666439373834376635333435333535613932363830616462653235356334
31626330343762343866646131366263326162336638353738356235653563316263653666353463
35633433623032363432643739366331303632663165636333636364613435653864333836663835
34396537646434386131343161373265646331333863343838663232323762383537323331313138
31633936346166316462623764316365316563613039313362346265326637363336663731373232
34353262316663313162643335356130366363653837666136363862386538616434383530396663
66636339636661353233643338663838616235623339343138633333666533326638303732326139
33393664356336636631316435386536353661633161666538363339636430313636626639666438
61656661313464663738303330353339613534303966313664303039323465313239663330653565
31653164396639363363366334356535373534623032613963363537373162376666313063376435
34393065346137373766633063386432333962333638663865303139343231303133333866376663
32326438653063623765316631383936346238613762323436656332646530393038313931666235
37626566323037356234333438646130313436613933306466643531343962616464343635353832
63656166323737323136623438323563346566636436643464313430653134373965633061643033
34373361383837366662336531623033666264633934393234343266613937626333346330613963
36366636646533643966643132633764306331396231623535326632613036396635616233383930
34346164343132623862393163646538666565363864626435343230643234316564653766663630
34623634343232323833393037383937346534313234383165323265336539656435623439383538
30316563633163376136643363623933313163333762333765653561303332663435616230663261
30393933353836373964646233326664666238313534393562353930303662656534326537363261
636333636663366636626535393139306235
