$ANSIBLE_VAULT;1.1;AES256
38653464333038363933623735613930376431366139666638313530336137333363623636653833
6233623834363762613231623537613039373461663330320a373962326635333435303362333463
63633034386464626465323261656563636362323133306631613363613661393836613638643737
3864653635336166650a303464613564326632303534316663383433393635643131353430363439
31346130313532353931313364656161623436623266383138313463343962333739663331636335
35613439393964373935666364303735323332323062386564643232386631383131333239313137
62353535313363326334313132393032323465326236303339656233323834366164653161643465
33663933313264336361366331393866663333373538383362613735303134353330393262373332
65393263393431646139353030616134366261313566396164336161393632356238303238613666
35386238646362613831316262323936653436373038366162396430633832643862353963616465
30626433396237343939353761323636393534376439353836323832333332666438343261633765
38326439353631616531
